-------------速度和方位角计算结果-------------
00, 57514.52277-57514.52338, 90.769, 340.820
01, 57514.52338-57514.52400, 82.317, 290.872
02, 57514.52400-57514.52459, 87.419, 58.288
03, 57514.52459-57514.52523, 81.109, 81.929
04, 57514.52523-57514.52587, 77.445, 278.590
05, 57514.52587-57514.52709, 89.183, 274.308
06, 57514.52709-57514.52767, 83.883, 285.096
07, 57514.52767-57514.52825, 92.332, 345.783
08, 57514.52825-57514.52888, 66.946, 308.977
09, 57514.52888-57514.52950, 89.584, 72.897
10, 57514.52950-57514.53012, 89.561, 71.918
11, 57514.53012-57514.53075, 79.375, 41.517
12, 57514.53075-57514.53137, 74.180, 19.132
13, 57514.53137-57514.53198, 77.550, 46.124
14, 57514.53198-57514.53267, 81.965, 85.255
15, 57514.53267-57514.53325, 79.660, 66.844
16, 57514.53325-57514.53387, 85.324, 36.074
17, 57514.53387-57514.53450, 88.850, 44.575
18, 57514.53450-57514.53513, 83.170, 64.146
19, 57514.53513-57514.53575, 71.029, 64.255
20, 57514.53575-57514.53639, 61.150, 52.526
21, 57514.53639-57514.53700, 53.043, 45.874
22, 57514.53700-57514.53765, 32.512, 77.874
23, 57514.53765-57514.53912, 21.016, 300.757
24, 57514.53912-57514.53970, 38.124, 304.043
25, 57514.53970-57514.54031, 40.379, 330.527
26, 57514.54031-57514.54113, 31.464, 330.622
27, 57514.54113-57514.54177, 47.619, 309.735
28, 57514.54177-57514.54240, 49.410, 306.561
29, 57514.54240-57514.54303, 50.471, 314.054
30, 57514.54303-57514.54365, 15.491, 275.821
31, 57514.54365-57514.54427, 40.946, 89.557
32, 57514.54427-57514.54488, 7.063, 271.964
33, 57514.54488-57514.54552, 0.055, 359.593
-------------距离计算结果-------------
累积距离：33.711(km)
首尾直线距离：26.733(km)
